62079240614582317690294212752
-2193757166684317907889510984238548135841292291048166198816708463829305754863667866314478
719785801339973332526482663606577848638081779132498320303
822606159314457649376739508368555177446804181376534038891838821332155745162379
41672279806769202612993276877772814019003888304605726218301763673056968
630681443704684735843917363160453532888179767333947230178604650023403222745645345749350926
272544694081028393511354270744178633807951028964031591979318223717107892106904095235356468283
78403759887170498997485872872765012485
-50950050787684487056538849808990016011201062602327242921223950069576
62264098560309921008721656535100780926715525718708490754637938217090090444193165134090645226857
39552412708490700861920471816855955319390
8190747806306357295807226221432364640341003630579259283805160627006492641320905901
41135546750686321239071287225869194641236396148274190440828271
-34998126513620776336579805324097686478802591
-6669685314333594152874927769081441573083423997310386866732532854811221375075486626
-30777545876451237843084103310327697571251816007206941098712499353523711582765685591592443503
968550926239754344309433092662094775
44644097082411008751620120917013497098928260582477730761654533122892798593401861531312397040151
-53807554660494574364262301096927407154835808741524117997233991690013
90894345454001559861294621571731328993628159223231
2512239341689156526880036644578541867920856897027394077926517
514347249684116761319485533541234868584673004873124062718162206684745104636333657074557364635467409
-61342849910328118337228164495863199305398542363496128457552663598
2417373509961795800551371974542284931593402591082229905285580027546272736736781275
-24303810819094047132136268603579627949102010406029422261013461225
39159950608524577050902713689860705990151647812
932320149190210600245538
-274324636270145865089511065914181362
6576611454636755578604987154740899570607004330142614214293361
795858502469346395435570152019627676575857915814619672579864828297153518229714166
9151455969170030960020198841980970710589716819906
642854533645011432976036321835496668612
3722244388638264682375470728181431398863509398262681817821821965133019450417344504
8328408380930267171434621681344198138269272490239366286818189919587330160609514795627029239
-487186714890002864381654603016014924625207309505245521861306515356606563686
92030571706211351803118064671350855824195718845145568367754001086760470951001996649640518
17609722891667213780052582415943
135707864866602653763910968959664455153841422887176685038253743785578629492802603786
6516339052189340060808429891609150003874200447179279130857416624844032564510339555498
-179343461848333996864370639070966032006082026532919
-141163934739996340138883295441315453046411422056210
371125550811619816
-85224588381150615137328350257789138189904853842921678381760821477306197576161513668820798079428990
1001464343397926328757201993196018354000560252107972814003334245689395557507388739311773533118
-3116555041477764746947222230218729386002251149734330273428669641077348
527093270351420966083726975461861363
-28505641470839944133186025130356228128080503449621277076112405876683407728894135073
-74430105691122351444707383816484367059892690194163913
8208866660985047873322
-127366489395864594345581394815368230742292999297766704402965315305207435734476543231572047601
-4231695811976377813184281070619529285293439185765185
-54009351958490343759115243069519929176461220429032204975569334819670023468388250
865275345343375383075068551767071565590247316468016443307564501661108241795635224168492
-96515997522209681423782437431489170250312372239
68393400976465515672212598820008591244816669345823179214449980930954524
69991223612076389327249741983051153394955963302516359351406627372642767351692
-545260389232732239885822602778381420724369812420884976510
-47873246962502270125997622129060273784079537239402
-400898442785452116071346733
2711812856255712024843177855213196801331844902063762828784074815
945552026810024280278358174799913681882706
-964491740804869619959112078596511485660507075189130216984764
90846781135866579399252169745243477950712328715817324454359682011
-2461392140930360019974576845949677714646730454577
-5994916226448794313064905800740130524235066948370675268741811844797229627623272361965831703
-678867840526746088334859655963584578481535658992011485
434358179596046918998425257466
427951109171929771720739793199123018140258460559644617708118240643689706564719605086068892777
914312086915512808252051036827432878
-8075819255274205254
65132462581287371849448160245710431402035397252301883
99160413473097058005316681209644772915383684519339080114618594784879533145
-7121298983779040950324877063554078119128595491608952095055638884
229706682798907523328126671224078169751238010819629330523385051086972272996977871672533774268479276
317652801420108170910768817857118193585847858667971147148935669498068552539526433548584577156284
-75472745705511029208640850288990081697785951837671283106346
-10700072748787944818693779023094478833399346141705563741737046413197
-3486068493844041829841863239278427245204610217399405582037029869
9287648969611561231644361063994864241325535157956183433
-6017941532930798522170615332003840682526442507992380552694292889728078622962673892
-968181267056564949000447145030
7900147864522231273314493748369371686592966189536860220997003999298907
-468608270904806237415166314847405993333055624258010695
-32685659314201740380168949818203681148092622718967083890901790276360922055151103841924182
19330949488185577335746451350394505527014168
8601648915825092372749773116463259343991134067362646030296581817741040185771509553285429
22153156264895790
576825106556053116561915633827370194776441819248873986847821668067276100
-95267157311827940448609895537012998470239449766255406095377361449496611437303628148937409432480
-739188680194103373505562380324621764253003426673922691829761241337646235785353857116299085399
-31925553289061767180821589335499513069699375181580451068584
-12374566816406232037794456799334292060938565385772809132287211
4571470731177034480752713129464112279455584380948916187619787298636244868489414510488409532454671
-22566442928824319144526925155816047507238529020724631287067869804455
-3668534894670593873852226240599775751132591540037533877411672760435748999065180786
41744537297744404413690771826189275938659525975536095094178886934627604757266711510219656636274
-62862479514
6252850405714632637964519523129264224753014337426
69654515000353583222726349120583748381757404640826694816457485
94658900752508622002425851415832992118371626952662692115449033041377
-53253165748748758282845194282121466994693455781550551583394854
-1113091777939246676
-867658347286652661989762
5039476153188127919243832861088516962196068655369592786171
-420834754787394078754196597835507265694242230165257067635444196023282893348157712418974649168559710
943845695280150355608504247195491976457085213250911667192294152588075413894622383127448
36443063713223835033355220078554063640078694995791284114312849956042
789819297636743658571734318206101918049731970124
898626455444366846526814860974343107943417045621594385763951585038417145201
8664435625069001099928563593470239804587383283255853
-8921259901915353435119268660151107859903661187540071886975779680673795063083745053261941319
830265453302755152073618641325384625411581139317746391476382
-6273447048182212000216611621737574029745755977299430291370528374693944069557402397311479323262
63799582962285489087840193661849110188386806374573043310631603138351030815884786338491851995
-6627137782341088456669497895169403964550087851954703913444531169569113424
-3036429506980885432259940161505931306257312532597723926903
-4411801241451681539672083843422986261
-6322104780886676046948739571819192943880594622
175372677752868398045769508228918939372865307207
-570646189
-16012011460016141475882775791409200601741764539537680124258870498273049203758610176913337326
2122631727664450990679762654160872248332209646645925013578845638394649
-21751236930790847819618
271524634468727044965665683592649703268624698393911622042158236176
3828627148098467
-1781223899248789177719165596113283335814750728948639743266180426166984645929829513631167965138656
495199841752393580486500201816227937833909148518787537579870712407301703839601599141739
-6995228341308773729411898507540079189355
-62422065038022839919313177867289133658659950774775597916594331
905525986501097467148518245052212580916307667844702922242423984352251702831
4154115290071216853627
-71857275200255361934775613849967142872312558006499878551846934660049291558558303695344
-41445387652509392107
-80854181033129346846771330022165978891407680672419783209052337956035184943821050009460
12503153236924337142729736214378650166609513948419359692699990959250253168517266686356
74166324337200021387375084440737145897443193318446404856950770
-18197201744578123594667049826102
-6975643339977090288913539182626035617499503972231392052862137712082713876280
21303932532983692602071713070673713329355838947
-10687646268459401030258575582283842
-23101204475577237027662646015576886926685343186080866924591896768055
510363243053945174645507644650532753480918314512780183950739
13315229516127251274873376442868421145116844095255139205575690664583
86673187759123951105408492282501210402802127427801677612015776588830008212055935824666
-87726142310331276667185502705534218042286539858514224174527415284
68106835705211668675046327455605322140459939495533262232587361004027775
19109718584195027984425807666486639239357407992756766560655511475690536376872922820353458801979
-196
-1557676475653644247413743349372078960255100135759441
-11006688047883282823135647266466787345149149488760205989637495163097723835887
4816305480149975276207859195277421627958056
5668970231747968625295309479682910469292760747900151472629686707836853862104986212076640699567453
-2096137070110229422740103454383887291429790332155409721366534903633965974085
3373817891499395228966323389574354534346706416
-1947907929899189723999906094085279969863764892866156246967565003991089377966342979752225044751562
57986065327397094676037969330293113810273978556010776
-122850364738211319313525880016995
-63888239284024526382458785098616914840760484739205527698645040315278212032118267691684
-2699113354572595741469369529550070998313618095652618457431465481582320572376
10154942581641873609
-7788258316411568679655071986913303449270824292079234954062765271795
77631825124551417571436714902049669
56193946768964762460960
5051239528430823957252099010731558277162398625531653561551906179820534755515259536788755
6502889923328512023879819211364921576315596195587966039979324908174396
295927411148410813298692998521492979631417876662264173
99074266362456174304519161777316524775558479674919083846725585928715383
275482782665880857559494148288216756124411191192529277396441460648
411239121278635184526506920440743089291330284357984209840605892237955
58622644761887368442696955769320483769138424945097246061817568508183917733155556082820094
5778887144527605446910108748788777102273327690545037425494260939
-571809048698651008568360235254861963067938713025193930175992390696993908909439326820235091
87853868976878391616244009586282197475584363123584100600659
-68747907015434740837721865593443417290009736291184947261
-38433096837497975060238446934262522792493946122447401263827386548915846181
-502670436342764413152616112759151518873409886427752915600638
-183544204809200912090290627965556022655157227078606126222661682152571962732151
717866823087694515734775
-8531383206906286986494691221394539001255306657910648874980605070950865434890874827836533582789845
-93840416934475460068984257017016852621153303164079454097680379173458
-9708181662967635617781554971987579699777162905979591197373019166208403327640238297518656
-32686277121767458286618493490762489043943256922854618426877680
28151276766927257145017713975665321310580338719606027769285849575775
54310589479575839476890692017081414682729727
8130110311311473853123621489394493729074385457922058210570437706051178716963917234074403454436961
583526279369773089196204167680878143082118087505635468
-2086703448928011965118398884973891674938020841149972876776252211080
-885204188366517157866267547369621430961927678463148893749389150303611783
-379871824946068610965760748637567659238023039725597441052870005
-647707278278665830541424122312290330789673591144138360602924031864653528859974688434483674196377
-5076237298820024538420365736343324641913743122009
162234152561253074765028113842754796623871004524392484302790154643404811895533754
-448863261929560856205503060422686765203395263440281972628031848199789
-6574759993474992795597680255535182788679028608628
9338573026855235292114188060928663
4558315660072299599679509391024109932618626167236193245205529939050
-4914269876740489
776464784797768129990320133168288044444044972554837030767641509917713050
96803811796057073878109112321023888887265607454002181192645428
-2382253917669665313995919805333583909212098964717029519870347020809877598763519786380605619213391
-6240451075193014541236189483939677
-8894305871997065669707119135773472814591800508386259180095785222399
85067786064533814111816361082
-8870608072653066369976
697570222397917998809977124343233528548668177269031056561202346580442319255073906812788592024
29471580307711944817613280304649886946976867983666359897020708617974069081503040784
-23454693546191508001198185673295619014135845077106
17316174861826439427301775734766410257834048801150006501315506953367259292
-6147181935682981667234857409487613552847325828
-6596538341028635000843363102784429
-1940196896422956835184229345035840691395890016420630242985608372552592372111946129826243907
-48155152419665805768607687485433421757348591172876458827207719152
4602535234784118477600307849274225122603990359637408
-123745772617024220276227925796501873684024329040095400053724385483850
-242090370600009844381392048407603048445
5092885995309407279197795461285546956355177016436685446203210857363996585226662329783473804781347
-79546476735021408375011505477788184629234928777707210380197066913339282875743613
47350
568963823491416162561423248177915921203565926532990154670407398812954530022676192
577432476259359737
-88650052036629978257089826586541308523749513420371171162866142872625
115842266938810727122080667790751458684370373347051437050264858247699776109296709
-8887810084304950002392613661080611650013395606574169875895736105183492
-561102291375588179884655765359327643075388330274168503
177482888480394475246126062594983923121281222680324958554025413926336788637807222240654500992969
-165755986030158348095962880083482959668361596332326809981147893705672036409
-91465156107758064687194543196669157657864631205567484949251537353099805458
-6055445252633557672190995662685912578214679944921332332
42929831322836427682715040596528712906250436208087450176126285912053907862309529
-705362006801101359164965447237507203345165886002828113755451402
380235
-89825363039183955461034256919846088524947895090724709052765740449283789365901857
771039716612911776161056909455478658249326134620249453116
619756645842974767108943336938561638502008507194806800355069015198040471543252589
91097910422548715859423471036349704419093105349
-892616751468483551636664561765276437324574360306299539533929
-18737462572354963239086728629178243119384788
87528726654496686049150648501930814608275814494299324300160456637019136638307668764923172007829474
46454084538546051633654200312883649249894668263349706346485165769987920890
77869631290477961812499587914042591206350016823
-68044432827485724498748249837225741405595333817265832870752674261290667403082592
-645096208185617
63804332962572419635853220549905207633049218652645122774919966357041
-333520653528725159109260153693788240225690664309212350466925212992540903287727574465617995143
690800430880712224854329142294931513626695
8706079608313973445664111645419898128622644753195833367434283991777448994381
-282
4412886882486347095154329187185047801680127490825668063903547479143049034073065722623000566
86195978879333328785444801877104733252230256670779674917606174382359833484
-52057808564906166564320904795465660572428048776534966283049657713857348
-112416885165788311427081099886485809007389770677853631060731592163284821
-17678095837142588449671896363507484486171905356212171460019669107719991
463147368066
-5047007253787415424026724236264280101828416178912324119644462752520367
3874887041753839277468679891315295683509775258196854633822953772052485
-50239859676912
-5207028240560440575015923095902144959793741886855566070579281696283152758839634102871045021
701835672152661112154575456540589899700268569327362100821369077097146081049048697796710746566
84672278012584788400112770540904477389014956732563465840783085321380891675
509244927157678984390540186960251410907922088133051753652077383313616
87184815880528957638996894
-9937242823083392081923215033624125873640750222034911436631035976855018084086116710832494208
-2050077499509720341822355078212430557218490142021589616836
935452144320435063174319999571786241481339684774769834
-1103981978052863662036
435896982383594386199151426
440979980246283146050140011488814782995100695631873740242464229235234842909474642143400634168874417
-169452640574102758264890607853471537993072602887058380615111296951076289
6445340
-34017863155738509866487200003726053384691138272541101293523
87838418076604678531967814654584808959856625075037252936592130828436510053870156009
-2027341826820633331776357011761862626238802170528459721190482
-7554087392377744099678964857465373349544821386455108036534191716143014599537183725
2659207789820767974880019682650917139837711917626419565
-85550724890417262167008871374695440444816466436880599504
977423137577718577689178866327276218543591484241201138014858595339109278871494239652552903062053
4687193202357492459609
-2536222608794033832230029231792965599771320867551392223761
380855944674308257741974059455773778464842482429205513110177646213271786126578355455794734400307599
-25855665276593910080850933212323828587124510599800250734979523339741539800941
57410938169532379197648766638440283496425378705817671470233109349680542051600850518
-642260944390218380870880
-526893331345704027878066149454917828153208898492209007831798290174101421422294614736411581420659062
-958607060643404664729984001134499271180166436094786696296301957
-13812808762856085716091293854173676868855042862653454583181518075673559265660599228835
-631796413969994573012216816285053243881504852935686989397
5137987913208195117005484266433285416430466184765712561996628726389101237776443804170549931016
-6466373859943660794052890577009492007
-78466084254765251258
1590441324182700327784182704246145558687618879643366544945343
-635072713455199596159798962444187616109667378338965937308
-451759660251963563280533902874594731191123353431521609973
-587743029826328497324933767935409066970984
-1295648105182840390178659378585102880480180051220327
91409936525837820887100491039805001546302000901923222473486868469313114224
5221975316133296376206601887438949641615012878755565853211684559704686256555545
-31623718619024936777610465151373426278187556663449320564852298620948887712700763594
-41353937728555276650757
-920495825285001111557424595359337871269933335377046184565203064030940051472730538728494011405920
-66023454935865611527903046523478372817402018590944856283035392321533475776755961369207500058390
318677654334969751826847642478918898237511908400452605459784546446072101503033458640368536831
91921203268137068542422189923973095315643758454521785914038326725404289298256166642
-495623775437924104142014250397731
68095442468783825932303451350782713257715783095801233591945990285010439143008103754
5594080695651169802687485
3675096368908195224996110149923576575722434235448056
-335611484388380633946428822389604185234664640754823
-81040462437335333920482534676295216832
81619864618565985268295028250653208096657304
-805565108049534594388552130360522320555502365013654178509424487398346214322914981291229401748
1287432083640674636714476208236674618018384663036827477099843675226560698415363412029840994
94320900066086352655137203955193298336411531874143677277
7456828331616934647668040528995360685629609182483140142806615134132483420252177711
-2672711177153973657635060271088748141558293572272
-394808956785355583780238509701592193090860318096565600673543994104623701947202839284
264325467625974114761609122246334086545407015436022484326660405803559029844903286671322
-180743841449339757837214376586564558935089232309012755412263797423787321243408
86861475838860357047068123411820439796202380537232950965326401766835487836181807208241096
-51100461329324726157569918761938078036288111783301079181159544351376995926295307749061663088190
934684068216785426547628343631994674003024715457032816842039258829394614920657983653721
-92271530398187825555225026438624864019068177861538180035243
-57125598593033857178101631848311442414
-5666101630872411191190531741679951359494626849063565616799958051199035389080190524188
-4577137468033086657834528585421998622578366
2006014805169652183882556821140522906
52309115789168890354067435954525081090760558543290816
-953042370080992632012914016394588313
283936521941675679145018483409981464907311167854739439298669686823221962189
8839503507962187465255120471437512482854752281937474186453718472832038469034891664
1502807136662173976348
915620519269343560080963414798412824283770917381288394935327299401930218498135155204968591389
-9326830935359571732444345085885037732955581430806242606304904607592708283798773268129263393
-422168230329076393085948838855755155913274974166876254105064149675155496971387186610944
-8210787632699938364809521829021164144808399203339733
208899022674014317412427059436262815879129104659085823251
-880584512589161650721800908708568717178346472840832134124215283055283936762882247559909118
627097934140739594279771252921935806654522118948504374669790084665520974074
66250924003346210584900783304623450442863407047266510447441058830355011327118791462
28551916887188802979983523425271356449229038038227346890352882117753875890349582655355836202882
-9865853829879728234810729263764263748350239101146629822748236665470
89478871948737239289246313456341
935918793547361008042939984548952208472868042091029466506011569821579854860770965718669150
1193828774372153053634795480234445055685498223262
596301229848577825053249378471980513667790725321448949758205458079789962223
-85172109131132727076262359126902629839945278670579115442382898490338950668280726
1815
-4577395190610143743962112541
473059900009322980320
3200137632545867990100451672949562595461937414105336371563
-8022408542897373319910682018939242702776957282339
933973052676079006098489297950390751110628957
705087025711872615768972405656390985192554492301783690841528056934745111361589789138311454288
-79209066410410557526881611141705606491201072088951
-54135754170216839969274349710252885652299213828014133787673819232909248473331005948902004175997
-41125146243716938788912090596276
-5746780753311959074405869672382257847022375690598060768925144883
-516818618227490510808
-847874380536846922321548405457814857699084550260593618475910486204151160348
7005783443303858935472700172973529608096543046982643803974565408
9798909788884871608063353626637
-6421431060976512257802342774007569601988799
7028828054453155801761154186952100873329765791385966604099493905193618294994
-175399543196134105039726626705035556822716301235569059768656192458320463115428206129984833
5094089767946339197594219538048457520556962717083428845980754701351276203355
-752432526264770970665989530282390733427781982623
-1419036140940614967508609251744905828742873317383276791080084557593944477920366893352761
-5545030896821602204024576264057749151096829
-785004017172799349731182978923713335936763932089272381870694165038964783586173497489371134143084
-780503447540719318938180999847576977408288860797432751540835394372802764557647300773948040580
-25852781317811973080607021176818833580587516375186976049287259219699665497847165173599505841836
-91136753711632305906592976189046370977248423664376127334174170
-2728214341998062143374291143950144166702113910156783124239856081609491602296231821331874222076
5904396507596444836925544127878118074
21777895769912753201694249357551850559325434447657
-25409489026769254362937323124520082930133701758306620545548062332
-71969903091155315761875674349583879790191425362779031105181131881082686550804910936018348
-439000744161836915505044822882226248233859873259348241
-69393655455150165056056785953822953448903731979774391169676068476022014607826840913980527594386460
-4485914135039521448441689673218158671084808752008962217389820455879834443603262
21374775598429248078777152051746875453411
81029754259545254711235785070768392252181
-5292619459967789953912157053636088115720112
-170107802398216052912561809267335367368529340145336504815051787435264246390316049901302009407340420
1053084690782133302809317176266746910943277420509780831452138
-2826564779886252543344737061753637595982080615061316981787062525276987092352930846528843918509
-578200715703284733829912673997815930176854653321074456122532
601563841036413836928225138732093695912013968062311543803788076156548861
-445313603172377511115113073547615836276673700850628877806042600162
4874898447753095446420307564824756655671153645600121972
-94085142531360759571954734315099408914387707831981184586198642116208979944126295
-8740923081839959429866373283065240842177877185040
1847376524977528580532512869090677
-19241735405295217002617478429163296267787519040340590257187133333079868
6959612254864204780337680738291686649084471813291525587126924045192806732468314911743
-2471371065855288879009309669845692841148823341449360577790131963357585
609913528143157932785191670307967970433349674580958599878801707416479906879477679013
-43240449648269756472932
38234958317971818749566
-78675690629329154702860839796825602183347201217899176351251547722165
99030030714581737604497644146765609353613181264125664148774333111158312738545275832066643388
505231138411385423956484441415811179919
-9871414140985656340299087829766454717324332907554783603388274131723665091481256825490
179512051387950064198686140239816789184234239354226338198529788398462905321545766411921285166801936
-39121173156862750001802402493499634763389187372674754115656118073678842991518460800314970972
-430960572313413320805170930561156345612865127679760479662638064620182579206952726295089516699031842
425655265848929574065523911693865633171857769847263947431710216879318494182185140864
840463547609482149641902133185686272098044225422055667671781558895925109459890
-79573273465608495072967942583170131757075496193407355321878296422
5938391690038601446674399635921599572602698757783240860662016304440921979553420663841826942590214
-2559503499424058067504556485050215288733177133157608167572344147076160646278904638478
46206667548213898795552040297444165511865691527074843973176451887208
-5969202490504248829465259796623784826944391293976376293533545444194902
63810254534559776756061635571537253968109949186351469273774558095283304100128736
-757052177011983864825956306130345243450371673157860562087623037205359219778293161225
514845420647889778640961424232259059089911631921484721733047170969
-3582485348969442491788657428737606864591517651992291356010193853453219539528195738457679017855
8722862076924894777232832281521560172215931416469517851159109576580
5979166977936923685807096301870399226003819369591079579420119420653575657505364433
-89476221866137526871349621428354311935033968611428554436768844
-11282532469553149202314118115719026159883563205005159319474902973076276331942424067091170476595
7468520076267315856993068502016585557556183816402211518588981669068025
-692669921090915741849378204935546736752623296571519987989392748730
3356937766814575329255210594414259808419790
655746663571507441368569612169115763152115822214923205345355708486814805486697398907252685147185934
7373718513375846349210798998357
7153067188027446550312459721273100618693401775084478332
323037655993433435053002391725356985371048954787370489019990738345763149835634
-2771564993342142253229146072333199687902618725917010142751014102251082303186778489394
6014790932148271796664735105320266885970115689009780792659
199917917217248683457553019145126148039868574832755295865901326162036233691265
-56717958064717845893600033036699324409917377050538997888215174907226528964
6133277117730
3914110379703903043806601694993235254068612953748159104399590832650858
12574876081310540019995648480688155745365696762963852338277916859542769041
-8122455407428605832610393918322354800562314374060341573876612914424892167441975482745422615
77647552631448663042761016887286816378886468995149277624733460050569186124043247165218
-4761581406921056332456243371718804962223941502678016921997928429345219414245652574
2424421597935926559285471255580044486646531053600751398645296290661545190417808075104224161668667
-47655815715771963644146716637334211822613561486798723439659628034490672789266134927384
-6017953133165071395338640034287666193
660656136693452652587685890990866923766446913378748408287497503318786340933482456227047009763184
-99917099896782374750480291058491482798284706438573782953037284588786417968721198767179496
-52805573008669129459759728275922424173475451484521408686183591301167718591371078408
4186128407026402832978881019213542156227141901106596562678637990598064735680092453123261936956
57000349891902075795497644493814443386475667766533873629988669015325011676434
745486571438837011919381712426790358928243762932578681965200966432
-253503232488049051520530893023824886418253658582122965654037322018452298442401523799695076912
-96549333959091492758055942212570
-4657059339158683345524132557063249046901139997553008411286191029884218226582257919177172
2281324059794749963635595573341261316811982386572865616171057081426857839089448917
332970681420370086572070684641807004082257406604353572550137527249650195035615242752080421315
30587758877626421852036305276675039394230924673540946265004792073836340521696250143873
-8066341396587886478289873811058475209351140311262403252988392859740362651683539979287706
-336228749977027987858977071473974359121465255
-975956561904465718637051901825515000856278814316191816907525008179086080116695954610
1297395764113176905179624009647266227993318910138700585
-188184952118560002153757946260898629236450689065511945944783412583146
2701056819487060510059712184818309722225882699
-8550171480629685073116299132937766802721898186784528
-823198704036647467127998581288835483962275100701257062021230934571167314
-94537680263212132451107138840724199159176527732177508233248310928972115459
69219917252610122064029295114845086980627888100326758879682096795685667565377520558282
-405305554541723150624850390276861914904929713887694576452289677166870061241
-772678447283324692339254791970985647987323213703445529780105113867487407930413737189159
-72558394215712304164625526700991357388009592922468042768
-4519958873197144174438011273148886745728778847566890781117563369935469365352175798
86752949513594600444349600343182878262335695255311946828871837937822113020529749587947433558223
-5518457958440802052862799274287538395290256346522630290881191120810
-7010896611986268506502104663772773974536624454052967202491715454
44140076439974179475382556129290607804423354860912089948389002856997
-436302136297897
-51497953765290734060904954171375637322690411414012124732139243075889938937339750215608932455852
841206501533570851884150815656590732395668230381436171487619102594170519872298234
-2745025092834174736320664259143
-3973297078317388661174208526259249593977
-984009912024992975082390619517292521871575940235110649802961501453741981285617020163265323564049211
-561779203960388893389622866985494881723119349149687661077668339717109414905199220354
3523568451383237415267554610687259156163797611085723097760973250276883292064161
-535074599640806495184937889681436043612588888428258853633711867
-623641823198435781461255992459880433749591133112070324704168067001475
912058439484656944985833182635662341981853866327635564193236101146650907193910
518191257824203521
322294633848868092289425314394096198204480366488417358803015416233846203331149691596754267
538122020046411898543163613221433270452635654825532316298842896020976530074646210223972666
6683268522129038155852267366
120129998881184041868629520400210310343
3848847977631322927296538366191267153040794938128769512359760016703196388800314510461666672774
-464690075957180154256606414451173249982370105221527289211
-854398035697956108762695337604423350352985897629605716318381745279445625124606779046798727692412344
7597504634808873422199199042527678608
946042686795185159676545196313445395344212308859709692778086
778635510421834738801008241966485260012284389499
4190208946485588916566483887854046231164048935917357792867439765379615812994556181170124971
-64550932053244872203710146173006473767172718327547819843690532148608
-90828341462066171522731859914742944978034432169423616893986467254812159723034694
-40143701870118318725711819959829045156844972222493885
555021487298893397293179903520676338176890164576104958129
8396418780023369525826530641916043763462355702624038511846856273649192420108141479227
13905250480612706200971420588645121
-59977983745080609354468146521421955885327513300198629149885338342052507146467158219135
-1636070282703218382868882439969625532770963384323529527963979863518888850863453764849433596860776
57572725512663896717426931809077736340103058151033577623808295461422246
30023225855933402518434908951813817452959462915368301712839910403369754711122860691873602923963912
902476167752189876316853406332017477800411652688413600048673788746427360
-47796861241941499673435783712825008619492997246144095846014318620673321
-822619789200970175520057101379408159259640
-5836940307332438310132390744192436925
3922624915032113500787245062
-22015277506240675780521695784416097495078782056336
82706638791220873297818468897292969831312254232242
-42788029691265180717357768861546238657921996544587221987072496132009
-810511838178079502765471547752953907202029146297495132208273461981604936042963822338588617321154
-6145921302175119789607367200866882595837246758848709465186282082233330994817959
-2414768705688239655993277161803864430040788982
72817184465388345798911604309998644730304258917929870173011803744018970585285158238025225514790
6338683585538479338135326931291526307100717192607935
978962297546242171191959913923581597828573117646786364147465894106095295409098209178875522009
21797389261531167764084236894174454202120593631509004178561371824402328801585403544334202
-48438722462120791624571738529351338
68552937747483371733268148782409503088603561741872164778924994402710489136201368
466882440746524125496799913782454152017644228770500
7843639202138314153430324031069094479991043856064335238951758689217205
20752784237365389048984037886649845347698296310585062149968720827441
-32070328122732203330770086464664134566823471826
-939321614395068202341092673296752984277597243884644099353804498185749409637762
784014040262358648095371880789479973577509429685072595653551796617604116681460177516112556835296290
88257398527853259476805657451801870954182846
69703285202824136605623483365558658997729901315997659010568324101191624636888
-38420739150684391065651343729559421496601682221347923259531789643812474853077103012059
-5531985668739116162070299688157104068987301471045375800599716637742539
-83806771710628564402812176289136519306779759087326463996
3934507457327232635761768177391484156821856591984453629562691
852520231116669418078568235200395549583616275334099495764680
974721244369849621271325326612621223448006000164482526171932116268825825425551897521
-3142686352672809440792765741427457326
388427743341388137574560608544715887571806752514378
-5239914764382694395947411908614430829475482753321586640828608925218256525
810295848394000972156222114316552350009072675471789419620961604841952753207594864595
-8379093194119802370053526372618283494212687
-1234187406997133494637711834365765126877468201731095765951386965284890869610801073471165
82910597941161850566747249018805667914930027432307762397278380727597398302954275
-84261197766708592996720890779337956287964727860087311109554545025748167536391300834
-2071570817455679607767503901273788060030871660221185934456484
4782431463261894610323604287774562906172491580961193455176863512699700640688002558926777624337
2152198145453058074165720789596301742678346743771387971097168
242999109937448279093807798426280359371456923632641
325435672682215962017431381903015543560294163143420289282311525867722551198401754596511753096
-306583490190836395785577451620519464426521432611231398246297352395930490363814950009934
-1622100334195956993511350632689553964019440155856307462627986053359952917122729560326732961301574
8128831323289432201271029602675497293527976513496291988045257
-28954683
956815038941170069779550027253459032835641961987174241463188436531585175261125289
646272346066005745989
-572838093766833459400369949885822823454864238566855470181730210494817
-793447842430524677397274544633701
-4728176254005735400338863022026589
-89513229511544060105245287009230669382958529208867780662185296
879544493736331043218564139146466322004940888420727248006767135
896772856387428603700882973283291873965
-7383684405763708689951691841929920733257554565974495
-90768994730913752232155896236731068421215497
846693982785792361710243585215844135378708526261716099265
1177669896848646695828547760741488346327112996557332247872494238680734944702871786468124272715
-78312201150823792076263524037497258670838119412248241917701454997382287967891136858141900146555704
3008473296530
51806570162113067554132361735969817635463
8567023638818703664190090174946467099271747318729400580896622469267276138761433561711522093018
460275423130156144932398167124860088649519268351454010154455894829332794900935793
-9612589434118300181328241300571
-5958880819051009157321311741951
-24596486489199207389926591570985613088
66666041432565529840958326620416
-747730745629582228639998823543677340536001979302387378370656135869010492953627212176
-12682377112839
-3562876348225578325352973037516862061695225953566754556318856
5211500274214205288
141073404107393627057594038319934689855742191951511327897
-1489706358813130325025770734014162154709782227359853440361121776409953617714
2734117281825401821769837827100805316255437980282461366041781961514141573000
34233065980243842812060494210594939365853070564767956258440754673918193874474228581207952127
-5986004609321602003691259104772581293675718870291782027037321693297865570535227186401155728596
43809175351858425222144940778257484871631
-3678417578317370537979296581338795737584517276520249168018161502675649787812000638289911
269996250211719403742418053956962092638764999657075460
7300100828764772191664530904054504517611607273844774640990
-3847712698548464440062768133573950641122979717483481958963220837013325513614352713828827145101605
915143409148474470641862340798380012953291051295557726700761688901966407901953486160848914022983
459120219554084431440237301110036940260556125373925337001858997
25732967822019351859533818985296763941851750789975128498215815411586790876253163664
941970784077122362390060582085881991269688501957188114364662162581609588650755612019
5958786983989506055820813471524049037657045115032545548085260664487665806985002329041442191
-4192766764830575839570986593051069846952959617
-4837949436096111095656091115283496102247167706362154003671
-4825145720972506139081188856204777144896031656498395532308658426941601123199830868
-91316994300208923321087822093979203894244284075355661186249197114804619789626074519829274
-1219597518722099459365418075134177237208068440101529
9776591909952674673942495356942149718100951076942850088
5824874417182564213816841714780982569920861019651232838121511500778881169282357492898910055904
8516798065758756688942181747706051232276046940
-5849728906223341719705541744107604517964577024641941624735252865746723490213
6858503654377134705167366684557427998
280401978983848728189095875148139695643488252994241220041456490441825946102
-90945397126487697333566439265488010447949601272
-9146708412375494337768222982572380848914662715997737318516964212015976443455
-1185185014468836161581897586563691102815271257993041140111742371
-46894699137768775891476636591218981507
-6918716879732660016690562535885310467326
-337690452700289629295050680412517249170479270766274092257453059979
1364070684571549124622348268964476801624597778564470135556037586266628078
56591324870101687477991741090842490553549939840766268903037441871916283064336533440
7402645690188785324314126809491774575206580656864949169881698878242834501406994480396483643523
4479222658819153056801899770455804479812029159316621687
-866939692599504613718433217887004529368050960339102
-292263223671351565822267770342281223465824868091884739709464992814359731117829
-5090743690046292082738415645025152028207391850258540371036
-480246782812377990556593674951306431291839616657188146624360
10664328262336422595364046133415474936754118276999112285566905879033225287756575255402
-76869861538028990214116120706150736924090002091034447379342269254948548568779172746954
-36445569609437719212821793231775312188079114005948428460868754758091941224362297479456630415869461
33419266559150962046997967198558904
-4126043990405949235741429075958062867156318014057743885033483053435423658650279125602164493588833
35362859542102190880941185212597147240016
-619636159224086865955895481641708557215858148864348548387
8360457028219275596036479598167970999768319610980113412201290907176083898828
-1399137352403474686833626479719871886744000504644214610273193121013682445584961372834769390521615
4451713744060484006705101418911378671245674832532102734087891158914935513895839697874
-64660668870702060439739116223688530388238497603438621654049137078221153900654107960205
5351958093802699620754283707177578804624016194198284971142172642552094177917438
-499456627948358189599029532641132720776678715243114049299583608182262628892205856234064
277122369835409377668172007486993606064967709659547474791144055541982
748775141079290521017381537283639079739919677701801247602449
-210477428572766300730265057414658627560447635466751998289590388565105358402355864882894183112
3066530524782575038472873080446861281033328994519555543660776470608003358
5689694369972811829711770566305883954181169631995887165111945333809126283239231818744067540883155
981930910822287310308830202248231044797164184812655509424896933937698325042412675226279848
-9923301145082927495480059416176490920046766251920469674537374035228544120067159198257620559272624
-751019160358727468119312099
2084195201558532398292326343722730819495548918281172486922293856920767633544454492839
-19675
2723274095166326902508621351917801440041589112012442500167021075338962716606419
-16203944563043826951483189084876501482835051436
2417122269239363459072469084014265270628554916769029080547728231390324
-71857511245773854228235349957934286932710821
-293798789974051037188985000034195474465452079374015003726859460909578235633662283747307695853
-130813879183678956730842923023184
81372033410523442235007629224074323546889832398743444126058777101475255161589947150437345
81211608338601501360949877231402525905951713175370829910492433587830853269324
27467442302870169105935203252830888722975452468370093154423577779279980
-7774
40755652049808571079849866766997274695807715012191830945291403328012587257577779964147784945
6592301180079273429007355053670768499318618532662645299896061
40538326420246903334811639175173698320151186697342023067982219767519
-61975914872631329644061296667500990601280653805989398739515475587547868845325791351833918
829946333657250169668083960935699682396822378384159258482688147426053778804523960184954
-607119699690884491739380213045365078057138117856959889020347973664460671620412946380998031675367532
716058370561952804213733364
-795092529534589740290578370485029948002532931715147093252300803
67594436591315563683319349465030991180253959
-558425230758600357104723912371895179241607658382195737827975
521174995920520467446361039083240491370863003660290918
-1709611138470043548883654563978382666980550650507160075811221158434209354211279172892
1629586218464506015404344189926462338239789136768188702951736572673600568203257976930322615971323
7738856658067730198014742853525218005922800525032155114695427026313625816068
-646054308267173545633026048288404020670317606904018089356996591638264476416920
6482679250626253267016860704875425804920904749167828789951328
-7719886445433234318513291798004306486320896111762824347129341
