2024 5 12
   1   2   4   0   4   4   3   0   0   0   0   3   2   4   0   0   1   2   1   1   0   2   2   1
   1   4   2   3   2   2   1   0   0   0   0   1   3   0   2   1   1   3   4   2   2   4   0   4
   3   1   2   3   3   4   1   0   0   0   0   1   3   3   2   4   2   2   2   4   3   1   4   3
   1   0   0   2   3   1   0   0   0   0   0   2   4   3   1   0   0   4   0   0   1   1   3   3
   4   3   4   4   1   0   1   0   0   0   0   1   1   3   4   4   1   3   2   3   3   2   4   1
   3   0   4   3   4   0   2   0   0   0   0   1   3   1   1   0   4   2   0   4   2   3   2   2
   1   0   1   1   0   2   0   0   0   0   0   4   1   2   0   0   1   4   1   0   2   1   2   2
   2   2   3   3   0   4   4   3   0   0   0   0   1   3   2   1   1   0   3   3   0   1   2   0
   0   4   4   2   3   3   0   1   0   0   0   0   2   0   1   1   4   0   1   1   3   4   3   4
   1   4   3   4   3   3   0   3   0   0   0   0   2   2   3   3   3   3   2   1   0   2   3   4
   4   1   0   1   0   4   4   1   0   0   0   0   3   3   4   3   4   4   4   2   0   0   3   3
   3   2   4   3   3   0   3   3   0   0   0   0   0   1   3   1   4   3   4   2   2   2   3   2
   3   4   0   2   3   1   0   3   0   0   0   0   1   1   2   4   2   0   3   1   2   1   0   3
   4   2   4   1   1   3   2   1   0   0   0   0   1   4   2   1   2   4   0   2   0   0   3   4
   1   3   1   4   0   3   2   0   2   0   3   1   2   2   2   2   4   4   1   4   1   4   3   2
   0   0   4   4   1   2   0   0   3   3   4   3   4   1   2   4   4   2   1   4   3   0   2   1
   1   0   3   2   0   4   4   1   1   1   1   3   3   0   0   3   2   3   2   0   3   1   1   3
   1   2   1   4   1   2   4   1   0   0   3   1   4   4   2   4   3   4   4   0   0   4   1   3
   4   2   3   3   2   0   3   1   2   0   2   4   4   4   4   4   2   4   3   0   2   2   3   2
   3   0   3   3   2   0   2   0   3   2   2   4   2   0   3   4   3   2   1   1   3   2   0   3
   0   1   2   2   2   1   4   0   2   0   3   4   0   0   0   3   1   0   1   2   0   0   0   4
   0   4   4   0   1   4   3   2   1   1   3   3   1   4   3   4   4   2   0   2   0   1   0   2
   0   0   1   2   3   3   4   4   2   1   0   2   2   4   0   2   4   3   3   0   2   2   3   1
   2   1   0   0   4   0   2   1   0   1   1   1   1   2   3   0   0   4   3   3   0   1   2   4
   0   3   3   3   0   2   2   0   3   4   3   0   2   4   2   3   3   2   1   0   0   3   3   4
   0   0   1   4   0   1   2   0   3   0   1   1   1   2   1   2   2   1   4   1   1   2   2   2
   2   1   0   1   3   4   4   0   4   2   1   0   3   2   4   4   4   2   2   4   2   3   2   3
   1   0   2   3   0   3   3   2   4   1   1   0   4   0   1   0   1   4   0   3   0   3   4   1
   3   4   2   4   1   3   1   0   0   0   0   0   0   0   0   0   0   2   3   1   0   3   1   0
   0   2   2   1   2   4   3   2   0   0   0   0   0   0   0   0   0   3   1   3   0   3   0   2
   3   0   2   2   2   0   4   1   0   0   0   0   0   0   0   0   0   0   3   0   0   2   4   0
   0   3   4   1   0   4   3   0   0   0   0   0   0   0   0   0   0   4   2   0   4   1   3   4
   0   3   2   2   4   1   1   2   0   0   0   0   0   0   0   0   0   2   1   4   0   3   4   1
   2   0   3   3   2   4   1   2   0   0   0   0   0   0   0   0   0   4   0   3   2   4   0   1
   3   0   2   2   4   3   1   3   0   0   0   0   0   0   0   0   0   1   3   0   1   4   0   4
   2   4   3   1   4   3   2   0   0   0   0   0   0   0   0   0   4   3   2   3   2   4   3   1
   4   3   0   0   2   1   3   0   0   0   0   0   0   4   2   4   0   4   4   0   0   0   3   3
   0   1   3   2   2   2   2   0   0   0   0   0   0   0   3   1   3   3   2   0   4   0   0   3
   3   2   3   3   2   4   3   0   0   0   0   0   0   4   1   3   2   3   0   1   3   4   3   1
   0   4   3   0   0   3   2   0   0   0   0   0   0   1   3   0   1   0   3   3   4   4   3   3
   4   2   1   4   0   3   1   0   0   0   0   0   0   1   0   0   1   4   1   4   0   4   2   0
   3   2   1   3   2   1   1   0   0   0   0   0   0   3   4   4   0   1   2   0   3   0   1   1
   1   4   4   1   2   1   3   2   0   0   1   0   1   0   1   2   1   0   0   2   4   3   3   1
   2   3   2   3   4   3   4   3   1   3   4   2   3   4   3   0   0   3   3   0   0   1   4   3
   1   3   4   2   1   4   3   2   3   4   0   2   3   1   4   3   4   3   4   1   3   0   1   4
   2   0   3   3   4   2   3   2   0   1   4   3   1   4   3   0   4   2   4   3   0   1   4   2
   0   0   0   0   4   2   3   2   4   0   0   4   4   0   0   1   1   0   4   0   3   3   3   2
   2   1   4   3   3   1   0   3   3   3   4   3   0   1   0   4   1   3   2   3   0   3   0   1
   4   0   3   4   3   1   0   1   4   2   3   4   4   1   0   1   1   1   1   1   2   1   4   0
   1   1   2   1   4   4   0   0   0   0   0   0   0   2   3   4   1   0   2   3   1   1   3   3
   2   2   2   1   2   1   0   0   0   0   0   0   0   4   4   4   1   0   3   1   2   4   0   3
   3   1   2   1   4   4   3   0   0   0   0   0   0   2   4   0   2   4   4   3   3   3   1   4
   3   1   1   2   3   3   2   0   0   0   0   0   0   1   2   2   0   2   3   2   2   3   0   2
   0   3   4   2   3   2   0   0   0   0   0   0   0   0   0   2   2   1   2   3   2   3   1   1
   0   4   0   3   4   0   0   0   0   0   0   0   0   0   2   2   0   0   2   1   4   3   1   4
   1   3   4   3   3   0   0   0   0   0   0   0   0   1   0   0   3   4   0   0   4   2   2   1
   4   4   4   0   3   0   3   0   0   2   1   2   3   3   1   4   4   1   4   0   0   2   4   2
   3   4   0   3   3   1   0   2   3   2   4   1   1   1   2   4   0   4   4   3   1   1   4   4
   0   0   0   1   0   0   4   4   1   3   4   4   0   0   3   4   1   2   3   3   1   3   1   0
   2   4   4   0   2   2   1   0   4   4   4   2   0   0   4   2   1   2   2   2   4   0   0   4
   0   3   4   1   2   2   4   3   2   2   2   3   0   3   3   4   4   4   1   4   3   0   1   1
   0   2   2   2   2   1   4   2   1   3   2   1   1   3   3   3   2   3   1   0   1   2   1   0
   0   4   1   2   4   3   4   2   3   3   1   1   3   3   2   1   1   2   2   3   2   3   0   3
   0   3   2   3   3   1   0   0   0   0   0   0   0   3   1   0   4   2   4   4   1   0   2   3
   3   4   2   2   0   1   0   0   0   0   0   0   2   2   2   0   2   4   1   0   3   2   3   4
   0   4   2   2   0   2   0   0   0   0   0   0   3   1   2   0   3   1   3   3   0   3   1   2
   0   2   3   4   1   3   0   0   0   0   0   0   3   2   0   3   1   2   0   4   3   3   1   3
   1   2   3   4   0   0   0   0   0   0   0   0   0   1   1   3   0   0   3   3   2   3   0   1
   0   0   4   2   2   2   0   0   0   0   0   0   3   2   4   4   4   3   2   2   2   0   3   4
   2   3   4   0   1   4   0   0   0   0   0   0   0   2   3   3   1   4   3   1   0   4   0   2
   4   0   3   1   4   0   0   0   0   0   0   0   2   4   0   3   3   2   3   2   1   0   4   0
   2   0   4   0   0   1   0   0   0   0   0   0   2   0   4   3   4   1   2   3   3   0   2   1
   1   0   2   3   4   3   0   0   0   0   0   0   4   4   4   4   2   0   3   2   3   2   3   0
   2   1   4   2   1   4   0   0   0   0   0   0   1   1   0   3   3   1   2   2   1   4   3   2
   1   0   0   4   4   1   0   0   0   0   0   0   0   3   2   2   4   0   2   1   0   1   2   4
   3   3   0   1   0   1   0   0   0   0   0   0   1   3   3   4   3   2   0   2   4   1   0   3
   1   3   4   4   0   3   0   0   0   0   0   0   3   2   3   4   4   3   0   1   3   2   3   1
   1   4   1   2   2   4   1   0   0   0   0   0   4   1   4   2   1   3   1   0   4   2   0   2
   1   1   2   1   2   0   3   0   0   0   0   0   4   0   2   0   0   3   1   3   3   3   0   1
   2   0   0   0   4   0   4   0   0   0   0   0   3   0   4   2   2   2   1   2   2   2   0   1
   1   2   0   4   1   3   1   0   0   0   0   0   2   3   1   1   4   4   2   1   1   0   3   4
   0   3   2   3   3   1   1   0   0   0   0   0   2   0   2   1   2   1   1   1   1   0   2   4
   3   0   1   4   4   3   4   0   0   0   0   0   3   2   0   3   3   3   2   2   0   1   3   0
   1   1   4   0   3   1   3   0   0   0   0   0   1   0   3   4   0   3   1   2   4   0   3   0
   2   4   1   2   1   1   2   0   1   0   2   2   4   0   0   1   3   3   1   3   3   1   1   1
   1   2   0   4   4   3   4   4   4   3   2   0   1   4   3   1   3   2   3   0   4   0   1   4
   0   0   1   3   0   0   3   0   1   2   2   4   1   2   0   2   4   1   2   1   3   3   0   2
   1   4   2   1   3   2   3   0   2   2   3   3   0   4   2   1   3   4   2   1   3   2   1   2
   2   0   3   4   4   0   0   1   4   1   2   1   1   3   3   0   0   3   1   3   3   1   1   4
   3   0   1   3   4   3   4   3   1   0   0   4   0   0   0   1   0   0   1   3   4   1   2   2
   0   0   0   2   0   2   0   1   2   2   3   0   0   1   3   3   0   1   4   3   2   0   0   2
   0   2   0   1   1   3   0   0   0   0   1   3   0   1   0   4   2   1   0   2   3   2   1   2
   2   3   3   3   2   4   0   0   0   0   0   0   0   4   4   0   3   0   4   4   0   1   1   1
   2   3   3   4   2   2   0   0   0   0   3   3   0   4   3   4   3   4   2   4   4   0   0   2
   4   2   1   1   3   0   0   0   0   0   4   0   3   0   1   0   1   0   3   4   0   3   4   1
   2   0   2   1   3   3   0   0   0   0   0   4   3   0   2   0   1   0   2   2   4   4   1   2
   3   0   2   3   3   4   0   0   0   0   2   3   3   4   1   3   0   4   1   2   2   2   1   3
   1   3   1   0   1   0   0   0   0   0   0   0   1   2   2   1   0   0   3   3   4   2   3   4
   2   2   0   3   4   0   4   4   4   3   0   3   4   1   0   3   3   4   0   1   2   0   0   1
   0   4   3   3   0   2   4   0   4   3   2   4   0   2   3   0   4   1   1   1   4   0   2   4
   1   2   4   4   4   3   2   1   0   3   2   3   4   2   2   1   1   0   0   1   3   2   1   0
   0   2   4   4   4   0   1   1   1   4   0   4   2   1   4   2   0   4   3   3   3   1   3   0
   1   4   0   4   3   3   3   4   0   1   3   1   2   3   3   1   4   3   1   3   3   4   3   4
   2   2   2   1   2   1   1   2   3   0   1   0   2   0   1   0   2   2   0   4   0   4   3   2
   0   1   0   3   3   1   0   2   0   2   4   2   3   2   2   2   4   3   1   3   3   1   0   1
   3   2   1   0   1   2   4   0   1   1   0   4   1   3   3   0   0   4   2   1   3   3   0   2
   4   0   4   3   0   2   3   3   0   3   0   3   2   1   1   0   3   1   3   2   2   3   4   2
   3   0   2   3   2   0   0   3   1   2   4   4   3   3   2   2   1   2   4   0   0   3   4   0
   1   0   3   4   2   3   2   4   4   4   2   4   4   0   4   4   4   3   0   3   2   3   0   1
   2   1   4   3   3   3   2   4   3   3   2   3   3   4   0   2   0   1   2   1   0   2   1   1
   3   0   0   3   3   4   0   2   3   2   2   2   0   0   2   3   1   1   3   2   2   2   3   2
   4   0   4   2   4   1   3   0   3   1   4   2   0   2   4   2   0   3   1   0   0   2   1   1
   4   3   0   3   2   3   0   4   3   2   3   1   0   2   2   2   1   3   0   2   0   3   1   3
   1   4   0   1   1   0   1   0   4   2   3   0   3   1   0   1   2   1   2   4   4   4   3   0
   0   1   3   0   0   3   4   2   3   0   3   0   1   4   2   3   1   1   1   3   0   3   1   0
   2   1   0   2   3   3   0   0   1   1   4   4   3   3   3   2   3   3   2   3   0   1   4   3
   2   3   4   3   4   2   4   1   4   0   3   4   1   4   3   3   1   4   1   4   0   2   1   3
   4   1   3   3   3   4   2   2   3   4   0   1   4   0   2   3   4   4   4   0   1   3   4   3
   4   4   2   0   3   4   0   1   4   3   1   2   0   0   1   0   1   1   1   4   2   3   0   0
   0   1   0   1   3   0   0   0   0   0   0   0   0   0   0   0   0   0   2   2   2   4   0   2
   2   0   3   1   4   0   0   0   0   0   0   0   0   0   0   0   0   0   3   3   0   0   0   0
   3   1   0   0   2   0   0   0   0   0   0   0   0   0   0   0   0   0   3   4   1   0   1   4
   1   2   0   4   0   0   0   0   0   0   0   0   0   0   0   0   0   0   1   1   0   0   0   2
   0   3   3   2   2   0   0   0   0   0   0   0   0   0   0   0   0   0   3   0   2   2   2   4
   2   1   3   1   0   0   0   0   0   0   0   0   0   0   0   0   0   0   4   3   4   0   4   4
   0   2   0   2   2   0   0   0   0   0   0   0   0   0   0   0   0   0   3   0   3   2   2   3
 

<!DOCTYPE html>

<html xmlns="http://www.w3.org/1999/xhtml">
<head><meta http-equiv="Content-Type" content="text/html; charset=utf-8" /><title>

</title></head>
<body>
    <form method="post" action="./DownloadFile.aspx?Source=Course&amp;CourseType=1&amp;AttachmentID=109709&amp;AttachmentFileName=NumAvailBoxes.txt" id="form1">
<div class="aspNetHidden">
<input type="hidden" name="__VIEWSTATE" id="__VIEWSTATE" value="/wEPDwUKLTEzNDM3NzkxOWRkE99b+haQV3ZBm26TDQfyZY8BZWY=" />
</div>

<div class="aspNetHidden">

	<input type="hidden" name="__VIEWSTATEGENERATOR" id="__VIEWSTATEGENERATOR" value="F69017DB" />
</div>
    <div>
    
    </div>
    </form>
</body>
</html>
